[gd_scene load_steps=11 format=3 uid="uid://bmqgmxpe262tv"]

[ext_resource type="Script" path="res://assets/combat_scene/combat_scene.gd" id="1_owgya"]
[ext_resource type="ButtonGroup" uid="uid://ckimwvbxif6nn" path="res://assets/combat_scene/ability_button_group.tres" id="2_nx3da"]
[ext_resource type="Texture2D" uid="uid://lk25wlfgu6y2" path="res://icon.svg" id="3_7ucak"]
[ext_resource type="Texture2D" uid="uid://b3l3ct6cbhn88" path="res://icon_pressed.png" id="3_cnprh"]
[ext_resource type="Texture2D" uid="uid://bgqmqtevmvxp1" path="res://icon_disabled.png" id="4_14a6m"]
[ext_resource type="Script" path="res://assets/combat_scene/character/ability.gd" id="5_no1mx"]
[ext_resource type="PackedScene" uid="uid://bh72l5fvxqql5" path="res://assets/combat_scene/slot/slot.tscn" id="7_8p5k5"]

[sub_resource type="ProceduralSkyMaterial" id="ProceduralSkyMaterial_i62ak"]
sky_horizon_color = Color(0.64625, 0.65575, 0.67075, 1)
ground_horizon_color = Color(0.64625, 0.65575, 0.67075, 1)

[sub_resource type="Sky" id="Sky_58j6e"]
sky_material = SubResource("ProceduralSkyMaterial_i62ak")

[sub_resource type="Environment" id="Environment_dfx71"]
background_mode = 2
sky = SubResource("Sky_58j6e")
tonemap_mode = 2

[node name="CombatScene" type="Node3D"]
script = ExtResource("1_owgya")

[node name="DirectionalLight3D" type="DirectionalLight3D" parent="."]
transform = Transform3D(-0.866023, -0.433016, 0.250001, 0, 0.499998, 0.866027, -0.500003, 0.749999, -0.43301, 0, 0, 0)
shadow_enabled = true

[node name="WorldEnvironment" type="WorldEnvironment" parent="."]
environment = SubResource("Environment_dfx71")

[node name="Camera3D" type="Camera3D" parent="."]
transform = Transform3D(1, 0, 0, 0, 0.991965, 0.126511, 0, -0.126511, 0.991965, 0, 1.81842, 9.27444)
current = true
fov = 38.0

[node name="AbilityBar" type="HBoxContainer" parent="."]
anchors_preset = 12
anchor_top = 1.0
anchor_right = 1.0
anchor_bottom = 1.0
offset_top = -128.0
offset_bottom = -54.0
grow_horizontal = 2
grow_vertical = 0
theme_override_constants/separation = 8
alignment = 1

[node name="Ability1" type="TextureButton" parent="AbilityBar"]
custom_minimum_size = Vector2(64, 64)
layout_mode = 2
size_flags_horizontal = 4
size_flags_vertical = 4
toggle_mode = true
button_group = ExtResource("2_nx3da")
texture_normal = ExtResource("3_7ucak")
texture_pressed = ExtResource("3_cnprh")
texture_disabled = ExtResource("4_14a6m")
ignore_texture_size = true
stretch_mode = 0
script = ExtResource("5_no1mx")

[node name="Player" type="Node3D" parent="."]
transform = Transform3D(1, 0, 0, 0, 1, 0, 0, 0, 1, -1, 0, 0)

[node name="Slot1" parent="Player" instance=ExtResource("7_8p5k5")]

[node name="Slot2" parent="Player" instance=ExtResource("7_8p5k5")]
transform = Transform3D(-0.34202, 0, -0.939693, 0, 1, 0, 0.939693, 0, -0.34202, -1.1, 0, 0)

[node name="Slot3" parent="Player" instance=ExtResource("7_8p5k5")]
transform = Transform3D(-0.34202, 0, -0.939693, 0, 1, 0, 0.939693, 0, -0.34202, -2.2, 0, 0)

[node name="Slot4" parent="Player" instance=ExtResource("7_8p5k5")]
transform = Transform3D(-0.34202, 0, -0.939693, 0, 1, 0, 0.939693, 0, -0.34202, -3.3, 0, 0)

[node name="Enemy" type="Node3D" parent="."]
transform = Transform3D(-1, 0, -8.74228e-08, 0, 1, 0, 8.74228e-08, 0, -1, 1, 0, 0)

[node name="Slot1" parent="Enemy" instance=ExtResource("7_8p5k5")]
transform = Transform3D(0.34202, 0, -0.939693, 0, 1, 0, 0.939693, 0, 0.34202, 0, 0, 0)

[node name="Slot2" parent="Enemy" instance=ExtResource("7_8p5k5")]
transform = Transform3D(0.34202, 0, -0.939693, 0, 1, 0, 0.939693, 0, 0.34202, -1.1, 0, 0)

[node name="Slot3" parent="Enemy" instance=ExtResource("7_8p5k5")]
transform = Transform3D(0.34202, 0, -0.939693, 0, 1, 0, 0.939693, 0, 0.34202, -2.2, 0, 0)

[node name="Slot4" parent="Enemy" instance=ExtResource("7_8p5k5")]
transform = Transform3D(0.34202, 0, -0.939693, 0, 1, 0, 0.939693, 0, 0.34202, -3.3, 0, 0)
